% Data

% V1= [1:9]
% V1 = [V1 0]
% V2=[0.3 1.2 0.5 2.1 0.1 0.4 3.6 4.2 1.7 0.9];
% V3=[4 4 4 4 3 3 2 2 2 1];

V3(5) = 7
V3(3: end-2) = 6

% Sum1 = sum(V1);
% Sum2 = sum(V2);
% Sum3 = sum(V3);

% V4 = [V2(1:5)]
% V5 = [V2(end-5:end)]

% V6 = V2
% V6(6) = []

% V7 = V24

% 9-V1
% V1*5
% V1+V2
% V1-V3
% V1.*V2
% V1*V2
% V1.^2
% V1.^V3
% V1^V3
% V1 == V3
% V1>6
% V1>V3
% V3-(V1>2)
% (V1>2) & (V1<6)
% (V1>2) | (V1<6)
% any(V1)
% all(V1)
