 (A)
A=[1 0 4 5 3 9 0 2];
a = [4 5 0 2 0 0 7 1];
 (B)
B = [A a];
C = [a,A];
 (C)

D = zeros(1,50)
E = ones(100);
 (D)

F =[1:30];
G = [25:-3:1];
H = [0:0.2:2.0];

